0.2801914,1.241305,2.398182,0.2251477,3.916085,-0.0361011,-1.377821,
-0.09392166,-1.65262,0.6213319,-0.3306441,-1.134151,1.190862,
0.9579446,3.306812,
0.03629464,2.613949,0.4264128,2.039868,1.350654,0.1315536,-0.08032852,-0.2759927,2.056564,3.466774,2.075365,2.507162,-0.2929647,0.7395582,-0.6328158,1.223906,-0.1041481,0.2229383,0.009972095,1.011841,2.139521,-2.886034,-2.332325,-0.8548816,-3.500682,-3.489604,-0.6435444,-1.415602,0.9426982,-0.5369313,0.2805133,-0.9225197,-5.493023,-2.044863,2.131009,-0.728344,0.640968,0.4990711,1.80468,0.6372251,2.390283,1.944294,
1.077671,1.66585,-0.1845224,-1.398974,-0.4149695,-2.06584,-2.538304,1.254375,2.47777,2.10692,-0.4157679,-2.895474,3.144226,1.871699,1.137083,2.928115,0.4149356,1.020197,-2.727865,-2.635793,-1.934487,4.171259,0.1817455,-0.07294273,1.029665,-1.350313,-0.2960134,0.3669889,-0.9193251,1.870725,-2.240057,0.7281331,-3.895116,-0.1948202,-4.698344,2.087418,-1.327723,-1.043202,-3.264264,-0.6265404,1.521783,-1.751267,
1.077671,0.4047925,1.48587,-1.054491,3.144226,1.178243,-1.744083,-1.095219,1.029665,-3.17398,-0.6270359,1.830267,0.2801914,1.241305,2.398182,0.2251477,3.916085,-0.0361011,-1.377821,
-0.09392166,-1.65262,0.6213319,-0.3306441,-1.134151,1.190862,
0.9579446,3.306812,
0.03629464,2.613949,0.4264128,2.039868,1.350654,0.1315536,-0.08032852,-0.2759927,2.056564,3.466774,2.075365,2.507162,-0.2929647,0.7395582,-0.6328158,1.223906,-0.1041481,0.2229383,0.009972095,1.011841,2.139521,-2.886034,-2.332325,-0.8548816,-3.500682,-3.489604,-0.6435444,-1.415602,0.9426982,-0.5369313,0.2805133,-0.9225197,-5.493023,-2.044863,2.131009,-0.728344,0.640968,0.4990711,1.80468,0.6372251,2.390283,1.944294,
1.077671,1.66585,-0.1845224,-1.398974,-0.4149695,-2.06584,-2.538304,1.254375,2.47777,2.10692,-0.4157679,-2.895474,3.144226,1.871699,1.137083,2.928115,0.4149356,1.020197,-2.727865,-2.635793,-1.934487,4.171259,0.1817455,-0.07294273,1.029665,-1.350313,-0.2960134,0.3669889,-0.9193251,1.870725,-2.240057,0.7281331,-3.895116,-0.1948202,-4.698344,2.087418,-1.327723,-1.043202,-3.264264,-0.6265404,1.521783,-1.751267,
1.077671,0.4047925,1.48587,-1.054491,3.144226,1.178243,-1.744083,-1.095219,1.029665,-3.17398,-0.6270359,1.830267,